01 4833722 814377 205023
02 735132 132740 16118
04 8688149 1182931 288777
05 2959373 516950 132920
06 48909205 6667268 1468715
08 5268367 902796 139381
09 3747676 593629 77895
10 925749 147239 25169
11 646449 70507 20544
12 19552860 2948361 678022
13 10010465 1821201 445608
15 1404054 216496 29375
16 1612136 314294 56633
17 17704060 2224288 427235
18 6570099 1165146 226599
19 3090416 529306 77634
20 2893957 523686 84325
21 4405846 739127 171418
22 4625470 804740 212904
23 1358717 196262 31174
24 5928814 977312 120049
25 7107877 1028400 153286
26 9895622 1672433 351702
27 5420550 931542 119437
28 2991207 539006 170629
29 6044171 1020848 203216
30 1913094 162709 30655
31 1868516 334188 49030
32 2790136 483411 99599
33 1472055 205461 19714
34 10552547 1488882 222992
35 2085287 368816 103790
36 19901043 3066336 666553
37 9848060 1673310 386419
38 723393 113921 12685
39 11570743 1958998 398688
40 3851487 682548 144867
41 3931430 627584 118023
42 12773801 1999741 342181
44 1065907 159355 31368
45 4790785 787482 194639
46 844877 148002 24675
47 6778703 1091900 260103
48 26452422 5101161 1198322
49 2900872 642722 85745
50 940840 92223 11990
51 8260405 1352420 190734
53 6971406 1151175 197126
54 1854304 279484 64539
55 5956920 963445 157356
56 582360 99290 11701
